0
387
801
1207
1606
1995
2386
2770
3189
3590
4010
4413
4792
5181
5597
5983
6353
6763
7164
7568
7972
8376
8783
9175
9568
9971
10366
10754
11178
11577
11987
12380
12770
13165
13588
13984
14403
14800
15189
15593
15978
16373
16797
17216
17619
18029
18424
18814
19197
19610
20017
20402
20801
21230
21631
22021
22419
22803
23201
23612
24035
24426
24832
25248
25637
26040
26443
26855
27228
27607
27992
28378
28764
29206
29585
30004
30399
30805
31194
31588
31997
32423
32822
33231
33636
34016
34430
34842
35263
35640
36024
36427
36826
37258
37651
38061
38442
38826
39204
39587
40003
40397
40775
41198
41586
41989
42412
42832
43228
43631
44055
44453
44850
45230
45632
46033
46419
46855
47227
47614
48003
48383
48769
49149
49545
49950
50336
50746
51118
51528
51933
52333
52725
53147
53546
53938
54305
54710
55117
55524
55920
56318
56717
57138
57544
57943
58327
58720
59137
59542
59932
60315
60722
61114
61525
61904
62284
62683
63085
63509
63904
64308
64727
65121
65521
65919
66326
66724
67138
67537
67920
68329
68741
69115
69498
69892
70292
70672
71073
71470
71848
72235
72628
73007
73397
73793
74239
74650
75053
75457
75873
76280
76668
77077
77455
77855
78257
78655
79043
79424
79817
80218
80600
80989
81393
81786
82181
82572
82992
83401
83801
84192
84582
84948
85322
85722
86130
86522
86930
87334
87717
88103
88488
88908
89309
89729
90114
90522
90923
91332
91740
92142
92544
92957
93370
93750
94156
94559
94977
95380
95761
96167
96567
96968
97352
97752
98146
98537
98963
99380
99795
100203
100638
101029
101449
101860
102256
102665
103077
103486
103870
104256
104632
105019
105409
105841
106251
106683
107064
107493
107920
108326
108718
109126
109533
109940
110337
110724
111120
111506
111906
112305
112715
113133
113526
113927
114346
114722
115121
115533
115961
116356
116770
117155
117556
117947
118369
118805
119209
119605
119999
120401
120794
121178
121583
121970
122380
122764
123171
123580
123966
124369
124759
125158
125556
125969
126372
126783
127179
127572
127965
128382
128787
129193
129583
129978
130365
130766
131168
131580
131974
132386
132770
133139
133554
133974
134365
134781
135181
135603
136002
136388
136782
137185
137578
138006
138402
138794
139189
139575
139978
140365
140756
141138
141554
142000
142408
142815
143224
143623
144031
144425
144844
145229
145614
146045
146446
146816
147219
147619
148020
148397
148783
149158
149532
149930
150290
150672
151075
151477
151871
152258
152655
153049
153417
153813
154202
154606
155022
155444
155852
156283
156673
157047
157468
157888
158296
158701
159101
159521
159916
160299
160713
161096
161498
161901
162296
162708
163103
163506
163885
164299
164720
165112
165524
165923
166325
166720
167094
167510
167939
168328
168733
169145
169536
169933
170327
170774
171175
171564
171931
172354
172761
173157
173540
173951
174334
174735
175154
175562
175959
176322
176735
177132
177532
177942
178357
178781
179169
179549
179921
180305
180719
181104
181485
181907
182318
182724
183135
183524
183929
184317
184715
185121
185518
185933
186349
186743
187171
187571
187983
188383
188820
189209
189578
189995
190391
190798
191183
191584
191947
192332
192725
193122
193513
193891
194295
194708
195085
195463
195890
196289
196663
197088
197479
197884
198269
198684
199078
199475
199869
200247
200610
201019
201438
201822
202222
202631
203050
203460
203864
204251
204657
205040
205428
205826
206205
206607
206998
207415
207817
208220
208606
209017
209413
209831
210227
210630
211043
211436
211845
212239
212666
213068
213475
213845
214254
214644
215041
215441
215838
216235
216649
217030
217458
217860
218263
218649
219042
219474
219873
220273
220696
221106
221513
221895
222286
222699
223107
223494
223886
224297
224707
225081
225487
225874
226248
226647
227031
227437
227819
228221
228613
229006
229433
229819
230192
230598
231015
231441
231847
232238
232635
233038
233424
233810
234233
234590
234997
235410
235806
236215
236628
237026
237434
237849
238216
238615
239024
239436
239859
240254
240654
241038
241401
241807
242214
242635
243016
243433
243837
244220
244611
245004
245398
245783
246183
246561
246962
247362
247781
248196
248588
249001
249405
249784
250167
250576
250992
251423
251793
252204
252618
252997
253402
253817
254215
254623
255019
255424
255832
256241
256620
257023
257420
257844
258251
258619
259029
259414
259799
260199
260582
260991
261405
261833
262215
262605
263024
263401
263787
264211
264596
264984
265391
265784
266199
266561
266978
267397
267789
268184
268587
268991
269401
269768
270160
270556
270960
271339
271718
272121
272511
272899
273288
273690
274109
274523
274933
275313
275709
276104
276497
276890
277286
277672
278082
278508
278899
279318
279733
280134
280516
280928
281308
281715
282099
282500
282885
283276
283668
284064
284482
284881
285296
285687
286089
286486
286885
287269
287670
288061
288466
288876
289303
289737
290147
290543
290949
291352
291759
292169
292579
292976
293373
293802
294183
294596
295000
295397
295785
296181
296594
296993
297400
297793
298183
298574
298985
299380
299802
300171
300569
300983
301376
301778
302175
302539
302936
303338
303731
304150
304556
304952
305354
305758
306151
306549
306932
307335
307739
308129
308523
308927
309315
309703
310105
310511
310924
311338
311730
312133
312498
312898
313289
313672
314058
314462
314874
315244
315647
316050
316459
316880
317283
317705
318092
318537
318946
319367
319778
320166
320568
320973
321375
321788
322191
322596
323010
323426
323810
324207
324640
325030
325422
325835
326218
326615
326996
327391
327789
328195
328627
329041
329449
329860
330273
330653
331055
331441
331837
332258
332637
333054
333480
333878
334310
334705
335108
335535
335918
336330
336743
337163
337558
337941
338334
338727
339117
339502
339885
340285
340689
341103
341506
341910
342323
342717
343089
343503
343901
344291
344678
345069
345471
345834
346247
346645
347039
347430
347820
348230
348665
349086
349493
349886
350269
350664
351082
351476
351849
352284
352675
353065
353480
353885
354268
354663
355097
355494
355901
356301
356699
357092
357496
357870
358263
358684
359104
359498
359925
360328
360729
361086
361473
361896
362312
362687
363105
363526
363916
364314
364719
365121
365556
365981
366378
366767
367172
367576
367954
368352
368776
369190
369578
369955
370339
370734
371159
371553
371956
372339
372753
373155
373539
373934
374335
374738
375100
375535
375915
376312
376697
377087
377488
377894
378282
378697
379090
379475
379856
380260
380644
381033
381447
381844
382257
382650
383072
383477
383876
384308
384700
385116
385497
385884
386278
386671
387052
387448
387868
388261
388673
389124
389539
389905
390315
390729
391128
391546
391941
392322
392745
393137
393545
393935
394345
394752
395143
395519
395919
396315
396721
397152
397564
397968
398356
398760
399168
399598
400000
